2 1 6 6 6 2 6 1 1 0 3 3 3 1 5 6 4 6 1 4 5 3 1 5 7 0 3 6 4 0 7 3 0 4 1 4 4 2 7 4 6 2 0 2 0 7 6 6 1 6 4 1 7 3 1 2 4 0 7 1 1 2 5 5 1 2 1 2 0 1 2 3 2 4  261
6 1 6 6 6 2 6 1 1 0 3 3 3 1 5 6 4 6 1 4 5 3 1 5 7 0 3 6 4 0 7 3 0 4 1 4 4 2 7 4 6 2 0 2 0 7 6 6 1 6 4 1 7 3 1 2 4 0 7 1 1 2 5 5 5 4 6 5 0 7 1 2 0 0  252
2 7 7 0 0 2 5 3 1 0 3 3 3 1 5 6 4 6 1 4 5 3 1 5 7 0 3 6 4 0 7 3 0 4 1 4 4 2 7 4 6 2 0 2 0 7 6 6 1 6 4 1 7 3 1 2 4 0 7 1 1 2 5 5 3 3 7 0 4 2 0 3 6 0  222
6 7 7 0 0 2 5 3 1 0 3 3 3 1 5 6 4 6 1 4 5 3 1 5 7 0 3 6 4 0 7 3 0 4 1 4 4 2 7 4 6 2 0 2 0 7 6 6 1 6 4 1 7 3 1 2 4 0 7 1 1 2 5 5 7 1 4 3 4 0 7 2 4 4  257
2 5 6 6 6 2 6 1 1 0 3 3 3 1 5 6 4 6 1 4 5 3 1 5 7 0 3 6 4 0 7 3 0 4 1 4 4 2 7 4 6 2 0 2 0 7 6 6 1 6 4 1 7 3 1 2 4 0 7 1 1 2 5 5 5 6 3 7 6 3 6 0 0 0  175
6 5 6 6 6 2 6 1 1 0 3 3 3 1 5 6 4 6 1 4 5 3 1 5 7 0 3 6 4 0 7 3 0 4 1 4 4 2 7 4 6 2 0 2 0 7 6 6 1 6 4 1 7 3 1 2 4 0 7 1 1 2 5 5 1 0 0 4 6 5 5 5 2 4  260
2 3 5 5 6 4 5 4 3 0 3 3 3 1 5 6 4 6 1 4 5 3 1 5 7 0 3 6 4 0 7 3 0 4 1 4 4 2 7 4 6 2 0 2 0 7 6 6 1 6 4 1 7 3 1 2 4 0 7 1 1 2 5 5 5 4 2 1 4 7 5 2 4 4  254
6 3 5 5 6 4 5 4 3 0 3 3 3 1 5 6 4 6 1 4 5 3 1 5 7 0 3 6 4 0 7 3 0 4 1 4 4 2 7 4 6 2 0 2 0 7 6 6 1 6 4 1 7 3 1 2 4 0 7 1 1 2 5 5 1 2 5 6 4 1 6 3 6 0  267
6 1 2 4 7 6 5 1 3 5 6 2 2 2 7 5 2 6 1 4 5 3 1 5 7 0 3 6 4 0 7 3 0 4 1 4 4 2 7 4 6 2 0 2 0 7 6 6 1 6 4 1 7 3 1 2 4 0 7 1 1 2 5 5 1 0 0 0 2 5 1 5 6 0  255
0 2 3 5 5 2 2 0 4 6 7 4 3 4 0 7 2 6 1 4 5 3 1 5 7 0 3 6 4 0 7 3 0 4 1 4 4 2 7 4 6 2 0 2 0 7 6 6 1 6 4 1 7 3 1 2 4 0 7 1 1 2 5 5 5 0 4 0 6 1 1 1 2 4  269
4 4 2 7 7 2 1 6 4 6 7 4 3 4 0 7 2 6 1 4 5 3 1 5 7 0 3 6 4 0 7 3 0 4 1 4 4 2 7 4 6 2 0 2 0 7 6 6 1 6 4 1 7 3 1 2 4 0 7 1 1 2 5 5 7 3 3 4 4 6 4 7 6 0  268
0 4 2 7 7 2 1 6 4 6 7 4 3 4 0 7 2 6 1 4 5 3 1 5 7 0 3 6 4 0 7 3 0 4 1 4 4 2 7 4 6 2 0 2 0 7 6 6 1 6 4 1 7 3 1 2 4 0 7 1 1 2 5 5 3 1 0 7 4 4 3 6 4 4  265
0 4 4 4 2 3 5 3 3 6 7 2 3 3 6 7 2 6 1 4 5 3 1 5 7 0 3 6 4 0 7 3 0 4 1 4 4 2 7 4 6 2 0 2 0 7 6 6 1 6 4 1 1 2 3 4 4 7 5 1 1 2 5 5 3 5 6 2 6 2 3 1 6 0  265
4 6 1 2 4 3 6 1 3 6 7 2 3 3 6 7 2 6 1 4 5 3 1 5 7 0 3 6 4 0 7 3 0 4 1 4 4 2 7 4 6 2 0 2 0 7 6 6 1 6 4 1 1 2 3 4 4 7 5 1 1 2 5 5 5 6 7 3 2 7 6 4 0 0  269
0 6 1 2 4 3 6 1 3 6 7 2 3 3 6 7 2 6 1 4 5 3 1 5 7 0 3 6 4 0 7 3 0 4 1 4 4 2 7 4 6 2 0 2 0 7 6 6 1 6 4 1 1 2 3 4 4 7 5 1 1 2 5 5 1 0 4 0 2 1 5 1 2 4  270
4 0 4 4 2 3 5 3 3 6 7 2 3 3 6 7 2 6 1 4 5 3 1 5 7 0 3 6 4 0 7 3 0 4 1 4 4 2 7 4 6 2 0 2 0 7 6 6 1 6 4 1 1 2 3 4 4 7 5 1 1 2 5 5 3 3 3 4 0 6 0 7 6 0  269
0 0 4 4 2 3 5 3 3 6 7 2 3 3 6 7 2 6 1 4 5 3 1 5 7 0 3 6 4 0 7 3 0 4 1 4 4 2 7 4 6 2 0 2 0 7 6 6 1 6 4 1 1 2 3 4 4 7 5 1 1 2 5 5 7 1 0 7 0 4 7 6 4 4  270
6 3 5 3 3 6 5 3 7 4 0 2 4 3 6 0 4 6 1 4 5 3 1 5 7 0 3 6 4 0 7 3 0 4 1 4 4 2 7 4 6 2 0 2 0 7 6 6 1 6 4 1 1 2 3 4 4 7 5 1 1 2 5 5 5 2 3 3 6 3 2 0 4 4  269
2 1 0 1 1 6 6 1 7 4 0 2 4 3 6 0 4 6 1 4 5 3 1 5 7 0 3 6 4 0 7 3 0 4 1 4 4 2 7 4 6 2 0 2 0 7 6 6 1 6 4 1 1 2 3 4 4 7 5 1 1 2 5 5 7 5 4 7 4 0 3 2 0 0  267
6 1 0 1 1 6 6 1 7 4 0 2 4 3 6 0 4 6 1 4 5 3 1 5 7 0 3 6 4 0 7 3 0 4 1 4 4 2 7 4 6 2 0 2 0 7 6 6 1 6 4 1 1 2 3 4 4 7 5 1 1 2 5 5 3 7 7 4 4 2 4 3 2 4  243
2 7 7 0 4 4 2 4 5 4 5 4 3 1 6 0 4 6 1 4 5 3 1 5 7 0 3 6 4 0 7 3 0 4 1 4 4 2 7 4 6 2 0 2 0 7 6 6 1 6 4 1 5 4 2 2 2 7 6 3 1 2 5 5 3 3 1 5 6 0 4 0 0 0  260
6 7 7 0 4 4 2 4 5 4 5 4 3 1 6 0 4 6 1 4 5 3 1 5 7 0 3 6 4 0 7 3 0 4 1 4 4 2 7 4 6 2 0 2 0 7 6 6 1 6 4 1 5 4 2 2 2 7 6 3 1 2 5 5 7 1 6 2 6 2 3 5 2 4  267
2 5 6 6 2 4 1 2 5 4 5 4 3 1 6 0 4 6 1 4 5 3 1 5 7 0 3 6 4 0 7 3 0 4 1 4 4 2 7 4 6 2 0 2 0 7 6 6 1 6 4 1 5 4 2 2 2 7 6 3 1 2 5 5 5 6 5 6 4 5 2 3 6 0  270
6 5 6 6 2 4 1 2 5 4 5 4 3 1 6 0 4 6 1 4 5 3 1 5 7 0 3 6 4 0 7 3 0 4 1 4 4 2 7 4 6 2 0 2 0 7 6 6 1 6 4 1 5 4 2 2 2 7 6 3 1 2 5 5 1 0 2 1 4 3 1 2 4 4  265
2 3 5 5 2 2 2 3 7 4 5 4 3 1 6 0 4 6 1 4 5 3 1 5 7 0 3 6 4 0 7 3 0 4 1 4 4 2 7 4 6 2 0 2 0 7 6 6 1 6 4 1 5 4 2 2 2 7 6 3 1 2 5 5 5 4 0 4 6 1 1 5 2 4  269
6 3 5 5 2 2 2 3 7 4 5 4 3 1 6 0 4 6 1 4 5 3 1 5 7 0 3 6 4 0 7 3 0 4 1 4 4 2 7 4 6 2 0 2 0 7 6 6 1 6 4 1 5 4 2 2 2 7 6 3 1 2 5 5 1 2 3 7 6 7 2 0 0 0  215
2 1 6 4 1 5 6 3 2 1 3 4 4 1 7 5 1 0 1 4 5 3 1 5 7 0 3 6 4 0 7 3 0 4 1 4 4 2 7 4 6 2 0 2 0 7 6 6 1 6 4 1 5 4 2 2 2 7 6 3 1 2 5 5 1 4 2 1 4 7 1 2 4 4  268
6 1 6 4 1 5 6 3 2 1 3 4 4 1 7 5 1 0 1 4 5 3 1 5 7 0 3 6 4 0 7 3 0 4 1 4 4 2 7 4 6 2 0 2 0 7 6 6 1 6 4 1 5 4 2 2 2 7 6 3 1 2 5 5 5 2 5 6 4 1 2 3 6 0  268
2 7 7 2 3 5 5 1 2 1 3 4 4 1 7 5 1 0 1 4 5 3 1 5 7 0 3 6 4 0 7 3 0 4 1 4 4 2 7 4 6 2 0 2 0 7 6 6 1 6 4 1 5 4 2 2 2 7 6 3 1 2 5 5 3 1 0 7 0 0 7 2 0 0  247
2 5 2 0 1 3 3 7 1 3 2 2 3 3 7 5 1 0 1 4 5 3 1 5 7 0 3 6 4 0 7 3 0 4 1 4 4 2 7 4 6 2 0 2 0 7 6 6 1 6 4 1 5 6 3 4 4 7 5 1 1 2 5 5 3 5 4 7 0 0 3 6 0 0  262
6 5 2 0 1 3 3 7 1 3 2 2 3 3 7 5 1 0 1 4 5 3 1 5 7 0 3 6 4 0 7 3 0 4 1 4 4 2 7 4 6 2 0 2 0 7 6 6 1 6 4 1 5 6 3 4 4 7 5 1 1 2 5 5 7 7 7 4 0 2 4 7 2 4  268
2 3 1 7 1 1 4 6 3 3 2 2 3 3 7 5 1 0 1 4 5 3 1 5 7 0 3 6 4 0 7 3 0 4 1 4 4 2 7 4 6 2 0 2 0 7 6 6 1 6 4 1 5 6 3 4 4 7 5 1 1 2 5 5 3 3 1 1 2 4 4 4 4 4  256
6 3 1 7 1 1 4 6 3 3 2 2 3 3 7 5 1 0 1 4 5 3 1 5 7 0 3 6 4 0 7 3 0 4 1 4 4 2 7 4 6 2 0 2 0 7 6 6 1 6 4 1 5 6 3 4 4 7 5 1 1 2 5 5 7 1 6 6 2 6 3 1 6 0  260
2 1 4 5 3 1 3 0 3 3 2 2 3 3 7 5 1 0 1 4 5 3 1 5 7 0 3 6 4 0 7 3 0 4 1 4 4 2 7 4 6 2 0 2 0 7 6 6 1 6 4 1 5 6 3 4 4 7 5 1 1 2 5 5 5 6 5 2 0 1 2 7 2 4  268
6 1 4 5 3 1 3 0 3 3 2 2 3 3 7 5 1 0 1 4 5 3 1 5 7 0 3 6 4 0 7 3 0 4 1 4 4 2 7 4 6 2 0 2 0 7 6 6 1 6 4 1 5 6 3 4 4 7 5 1 1 2 5 5 1 0 2 5 0 7 1 6 0 0  89
2 7 3 4 2 7 3 7 4 3 2 3 3 1 0 0 3 0 1 4 5 3 1 5 7 0 3 6 4 0 7 3 0 4 1 4 4 2 7 4 6 2 0 2 0 7 6 6 1 6 4 1 5 2 1 1 2 5 5 2 3 2 5 5 5 6 5 2 0 1 6 7 2 4  269
6 7 3 4 2 7 3 7 4 3 2 3 3 1 0 0 3 0 1 4 5 3 1 5 7 0 3 6 4 0 7 3 0 4 1 4 4 2 7 4 6 2 0 2 0 7 6 6 1 6 4 1 5 2 1 1 2 5 5 2 3 2 5 5 1 0 2 5 0 7 5 6 0 0  262
2 5 2 2 4 7 4 5 4 3 2 3 3 1 0 0 3 0 1 4 5 3 1 5 7 0 3 6 4 0 7 3 0 4 1 4 4 2 7 4 6 2 0 2 0 7 6 6 1 6 4 1 5 2 1 1 2 5 5 2 3 2 5 5 3 3 1 1 2 4 0 4 4 4  264
6 5 2 2 4 7 4 5 4 3 2 3 3 1 0 0 3 0 1 4 5 3 1 5 7 0 3 6 4 0 7 3 0 4 1 4 4 2 7 4 6 2 0 2 0 7 6 6 1 6 4 1 5 2 1 1 2 5 5 2 3 2 5 5 7 1 6 6 2 6 7 1 6 0  270
2 3 1 1 4 5 3 0 2 3 2 3 3 1 0 0 3 0 1 4 5 3 1 5 7 0 3 6 4 0 7 3 0 4 1 4 4 2 7 4 6 2 0 2 0 7 6 6 1 6 4 1 5 2 1 1 2 5 5 2 3 2 5 5 3 5 4 7 0 0 7 6 0 0  261
6 3 1 1 4 5 3 0 2 3 2 3 3 1 0 0 3 0 1 4 5 3 1 5 7 0 3 6 4 0 7 3 0 4 1 4 4 2 7 4 6 2 0 2 0 7 6 6 1 6 4 1 5 2 1 1 2 5 5 2 3 2 5 5 7 7 7 4 0 2 0 7 2 4  271
2 1 4 3 2 5 4 6 2 3 2 3 3 1 0 0 3 0 1 4 5 3 1 5 7 0 3 6 4 0 7 3 0 4 1 4 4 2 7 4 6 2 0 2 0 7 6 6 1 6 4 1 5 2 1 1 2 5 5 2 3 2 5 5 5 4 0 0 2 5 5 1 6 0  259
6 1 4 3 2 5 4 6 2 3 2 3 3 1 0 0 3 0 1 4 5 3 1 5 7 0 3 6 4 0 7 3 0 4 1 4 4 2 7 4 6 2 0 2 0 7 6 6 1 6 4 1 5 2 1 1 2 5 5 2 3 2 5 5 1 2 3 3 2 3 6 4 4 4  269
4 4 0 2 3 3 4 2 1 6 7 3 1 3 7 5 1 0 1 4 5 3 1 5 7 0 3 6 4 0 7 3 0 4 1 4 4 2 7 4 6 2 0 2 0 7 6 6 1 6 4 1 5 2 1 1 2 5 5 2 3 2 5 5 7 7 1 1 6 4 0 0 4 4  264
0 4 0 2 3 3 4 2 1 6 7 3 1 3 7 5 1 0 1 4 5 3 1 5 7 0 3 6 4 0 7 3 0 4 1 4 4 2 7 4 6 2 0 2 0 7 6 6 1 6 4 1 5 2 1 1 2 5 5 2 3 2 5 5 3 5 6 6 6 6 7 5 6 0  270
4 6 5 4 1 3 3 4 1 6 7 3 1 3 7 5 1 0 1 4 5 3 1 5 7 0 3 6 4 0 7 3 0 4 1 4 4 2 7 4 6 2 0 2 0 7 6 6 1 6 4 1 5 2 1 1 2 5 5 2 3 2 5 5 5 6 7 7 2 3 2 0 0 0  267
4 4 2 7 1 7 3 6 3 0 0 2 3 3 7 5 1 0 1 4 5 3 1 5 7 0 3 6 4 0 7 3 0 4 1 4 4 2 7 4 6 2 0 2 0 7 6 6 1 6 4 1 5 2 7 4 4 7 5 1 1 2 5 5 1 0 6 1 4 3 5 6 4 4  268
0 4 2 7 1 7 3 6 3 0 0 2 3 3 7 5 1 0 1 4 5 3 1 5 7 0 3 6 4 0 7 3 0 4 1 4 4 2 7 4 6 2 0 2 0 7 6 6 1 6 4 1 5 2 7 4 4 7 5 1 1 2 5 5 5 6 1 6 4 5 6 7 6 0  268
4 6 3 5 3 7 4 0 3 0 0 2 3 3 7 5 1 0 1 4 5 3 1 5 7 0 3 6 4 0 7 3 0 4 1 4 4 2 7 4 6 2 0 2 0 7 6 6 1 6 4 1 5 2 7 4 4 7 5 1 1 2 5 5 3 5 4 7 0 4 3 6 0 0  270
0 6 3 5 3 7 4 0 3 0 0 2 3 3 7 5 1 0 1 4 5 3 1 5 7 0 3 6 4 0 7 3 0 4 1 4 4 2 7 4 6 2 0 2 0 7 6 6 1 6 4 1 5 2 7 4 4 7 5 1 1 2 5 5 7 7 7 4 0 6 4 7 2 4  260
4 0 2 7 1 7 3 6 3 0 0 2 3 3 7 5 1 0 1 4 5 3 1 5 7 0 3 6 4 0 7 3 0 4 1 4 4 2 7 4 6 2 0 2 0 7 6 6 1 6 4 1 5 2 7 4 4 7 5 1 1 2 5 5 5 4 0 0 2 1 1 1 6 0  260
0 0 2 7 1 7 3 6 3 0 0 2 3 3 7 5 1 0 1 4 5 3 1 5 7 0 3 6 4 0 7 3 0 4 1 4 4 2 7 4 6 2 0 2 0 7 6 6 1 6 4 1 5 2 7 4 4 7 5 1 1 2 5 5 1 2 3 3 2 7 2 4 4 4  152
0 6 1 6 4 7 2 3 0 3 2 6 2 2 7 5 2 6 1 4 5 3 1 5 7 0 3 6 4 0 7 3 0 4 1 4 4 2 7 4 6 2 0 2 0 7 6 6 1 6 4 1 5 2 7 4 4 7 5 1 1 2 5 5 3 5 0 7 0 0 3 6 0 0  228
4 0 4 0 2 7 1 1 0 3 2 6 2 2 7 5 2 6 1 4 5 3 1 5 7 0 3 6 4 0 7 3 0 4 1 4 4 2 7 4 6 2 0 2 0 7 6 6 1 6 4 1 5 2 7 4 4 7 5 1 1 2 5 5 1 2 7 3 2 3 2 4 4 4  268
0 0 4 0 2 7 1 1 0 3 2 6 2 2 7 5 2 6 1 4 5 3 1 5 7 0 3 6 4 0 7 3 0 4 1 4 4 2 7 4 6 2 0 2 0 7 6 6 1 6 4 1 5 2 7 4 4 7 5 1 1 2 5 5 5 4 4 0 2 5 1 1 6 0  264
4 2 3 7 2 5 2 4 6 3 2 6 2 2 7 5 2 6 1 4 5 3 1 5 7 0 3 6 4 0 7 3 0 4 1 4 4 2 7 4 6 2 0 2 0 7 6 6 1 6 4 1 5 2 7 4 4 7 5 1 1 2 5 5 1 0 6 5 0 7 1 6 0 0  255
4 6 3 3 6 1 6 4 0 4 1 6 4 1 6 7 2 6 1 4 5 3 1 5 7 0 3 6 4 0 7 3 0 4 1 4 4 2 7 4 6 2 0 2 0 7 6 6 1 6 4 1 5 2 7 4 4 7 5 1 1 2 5 5 3 1 6 6 2 6 3 5 2 4  247
0 6 3 3 6 1 6 4 0 4 1 6 4 1 6 7 2 6 1 4 5 3 1 5 7 0 3 6 4 0 7 3 0 4 1 4 4 2 7 4 6 2 0 2 0 7 6 6 1 6 4 1 5 2 7 4 4 7 5 1 1 2 5 5 7 3 1 1 2 4 4 0 0 0  269
4 0 2 1 0 1 5 2 0 4 1 6 4 1 6 7 2 6 1 4 5 3 1 5 7 0 3 6 4 0 7 3 0 4 1 4 4 2 7 4 6 2 0 2 0 7 6 6 1 6 4 1 5 2 7 4 4 7 5 1 1 2 5 5 5 0 2 5 0 7 1 2 4 4  265
0 6 1 4 5 3 1 3 6 4 4 0 3 3 6 7 2 6 1 4 5 3 1 5 7 0 3 6 4 0 7 3 0 4 1 4 4 2 7 4 6 2 0 2 0 7 6 6 1 6 4 1 5 2 3 2 1 5 7 1 2 4 5 5 5 2 7 7 2 3 6 4 0 0  267
4 0 4 2 7 3 2 1 6 4 4 0 3 3 6 7 2 6 1 4 5 3 1 5 7 0 3 6 4 0 7 3 0 4 1 4 4 2 7 4 6 2 0 2 0 7 6 6 1 6 4 1 5 2 3 2 1 5 7 1 2 4 5 5 7 5 0 3 0 0 7 6 4 4  269
0 0 4 2 7 3 2 1 6 4 4 0 3 3 6 7 2 6 1 4 5 3 1 5 7 0 3 6 4 0 7 3 0 4 1 4 4 2 7 4 6 2 0 2 0 7 6 6 1 6 4 1 5 2 3 2 1 5 7 1 2 4 5 5 3 7 3 0 0 2 0 7 6 0  270
4 2 3 1 7 1 1 4 0 4 4 0 3 3 6 7 2 6 1 4 5 3 1 5 7 0 3 6 4 0 7 3 0 4 1 4 4 2 7 4 6 2 0 2 0 7 6 6 1 6 4 1 5 2 3 2 1 5 7 1 2 4 5 5 7 3 5 5 2 4 0 4 0 0  271
0 2 3 1 7 1 1 4 0 4 4 0 3 3 6 7 2 6 1 4 5 3 1 5 7 0 3 6 4 0 7 3 0 4 1 4 4 2 7 4 6 2 0 2 0 7 6 6 1 6 4 1 5 2 3 2 1 5 7 1 2 4 5 5 3 1 2 2 2 6 7 1 2 4  267
4 4 2 3 5 1 2 2 0 4 4 0 3 3 6 7 2 6 1 4 5 3 1 5 7 0 3 6 4 0 7 3 0 4 1 4 4 2 7 4 6 2 0 2 0 7 6 6 1 6 4 1 5 2 3 2 1 5 7 1 2 4 5 5 1 6 1 6 0 1 6 7 6 0  268
0 4 2 3 5 1 2 2 0 4 4 0 3 3 6 7 2 6 1 4 5 3 1 5 7 0 3 6 4 0 7 3 0 4 1 4 4 2 7 4 6 2 0 2 0 7 6 6 1 6 4 1 5 2 3 2 1 5 7 1 2 4 5 5 5 0 6 1 0 7 5 6 4 4  267
0 6 1 6 6 0 7 0 1 2 0 5 1 4 0 7 2 6 1 4 5 3 1 5 7 0 3 6 4 0 7 3 0 4 1 4 4 2 7 4 6 2 0 2 0 7 6 6 1 6 4 1 5 2 3 2 1 5 7 1 2 4 5 5 1 0 2 1 4 7 5 6 4 4  269
4 0 4 0 0 0 0 6 1 2 0 5 1 4 0 7 2 6 1 4 5 3 1 5 7 0 3 6 4 0 7 3 0 4 1 4 4 2 7 4 6 2 0 2 0 7 6 6 1 6 4 1 5 2 3 2 1 5 7 1 2 4 5 5 3 3 1 5 6 4 0 4 0 0  236
6 5 6 4 3 0 2 2 1 4 6 7 2 1 6 7 2 6 1 4 5 3 1 5 7 0 3 6 4 0 7 3 0 4 1 4 4 2 7 4 6 2 0 2 0 7 6 6 1 6 4 1 5 2 3 0 4 7 5 1 1 2 5 5 5 0 4 4 2 1 5 5 2 4  267
2 3 5 3 3 6 1 3 3 4 6 7 2 1 6 7 2 6 1 4 5 3 1 5 7 0 3 6 4 0 7 3 0 4 1 4 4 2 7 4 6 2 0 2 0 7 6 6 1 6 4 1 5 2 3 0 4 7 5 1 1 2 5 5 1 4 6 1 0 3 5 2 4 4  261
6 3 5 3 3 6 1 3 3 4 6 7 2 1 6 7 2 6 1 4 5 3 1 5 7 0 3 6 4 0 7 3 0 4 1 4 4 2 7 4 6 2 0 2 0 7 6 6 1 6 4 1 5 2 3 0 4 7 5 1 1 2 5 5 5 2 1 6 0 5 6 3 6 0  270
2 1 0 1 1 6 2 1 3 4 6 7 2 1 6 7 2 6 1 4 5 3 1 5 7 0 3 6 4 0 7 3 0 4 1 4 4 2 7 4 6 2 0 2 0 7 6 6 1 6 4 1 5 2 3 0 4 7 5 1 1 2 5 5 7 5 2 2 2 2 7 5 2 4  268
6 1 0 1 1 6 2 1 3 4 6 7 2 1 6 7 2 6 1 4 5 3 1 5 7 0 3 6 4 0 7 3 0 4 1 4 4 2 7 4 6 2 0 2 0 7 6 6 1 6 4 1 5 2 3 0 4 7 5 1 1 2 5 5 3 7 5 5 2 0 0 0 0 0  258
2 7 5 3 3 6 1 3 3 4 6 7 2 1 6 7 2 6 1 4 5 3 1 5 7 0 3 6 4 0 7 3 0 4 1 4 4 2 7 4 6 2 0 2 0 7 6 6 1 6 4 1 5 2 3 0 4 7 5 1 1 2 5 5 5 0 0 0 6 1 1 5 6 0  268
