Zeros:
4 0 0 4 4 4 4 4 2 2 2 2 0 0 0 0 6 6 6 6 0 0 4 0 6 5 0 5 2 1 6 1 4 1 0 3 1 0 1 1 2 7 2 6 0 0 5 6 7 7 0 7 3 7 7 2 2 1 3 3 6 4 7 4 5 4 5 3 0 6 5 5 2 4 6 2 6 7 7 0 3 5 6 5 2 6 3 0 4 7 0 4 2 5 5 0 6 7 0 7 4 0 0 0 1 1 7 0 0 0 
                                                               |       |       |       |       |       |       |       |       |       |       |       |       |       |       |       |       | CRC   |       |  X X X|
                                                               
                                                               
4 1 0 3 1 0 1 1 
                2 7 2 6 0 0 5 6  
                                7 7 0 7 3 7 7 2 2 1 3 3 6 4 7 4 5 4 5 3 0 6 5 5 2 4 6 2 
                                                                                        6 7 7 0 3 5 6 5
                                                                                                        2 6 3 0 4 7 0 4 2 5 5 0 6 7 0 7 4 0 0 0 1 1 7 0  0 0 
|       |       |       |       |       |       |       |       |       |       |       |       |       |       |       |       | CRC   |       |  X X X|
2 0 6 3 3 7 7 5 2 3 0 7 6 2 3 1 1 7 4 7 3 7 7 2 2 1 3 3 6 4 7 4 5 4 5 3 0 6 5 5 2 4 6 2 6 7 7 0 3 5 6 5 2 6 3 0 4 7 0 4 2 5 5 0 0 0 6 5 0 3 0 4 5 2 4 211
6 6 7 7 7 1 6 3 6 5 5 3 0 6 6 7 1 7 4 7 3 7 7 2 2 1 3 3 6 4 7 4 5 4 5 3 0 6 5 5 2 4 6 2 6 7 7 0 3 5 6 5 2 6 3 0 4 7 0 4 2 5 5 0 2 3 4 3 7 6 4 4 0 0 4 89

2 0 6 3 3 7 7 5 0 2 1 7 0 3 4 7 1 7 4 7 3 7 7 2 2 1 3 3 6 4 7 4 5 4 5 3 0 6 5 5 2 4 6 2 6 7 7 0 3 5 6 5 2 6 3 0 4 7 0 4 2 5 5 0 4 2 3 0 4 5 5 5 3 2 2 114
6 6 7 7 7 1 6 3 4 4 2 7 2 5 5 1 1 7 4 7 3 7 7 2 2 1 3 3 6 4 7 4 5 4 5 3 0 6 5 5 2 4 6 2 6 7 7 0 3 5 6 5 2 6 3 0 4 7 0 4 2 5 5 0 2 1 3 4 7 4 7 3 2 0 6 82



1 bit changes 2, 1 more changes 9  4.5 pairs



6 6 7 7 7 1 6 3 4                0
+2
2 2 7 7 7 1 6 3 4    +4 +4        2
+2 = +4
6 0 0 2 7 3 5 6 2  +4 +4 ... + 0 +2 +1 +3 +0 +2 +7 +3 +6 				4
  * * *   * * ^ *            + 4  6  1  3  0  2  7  3  6
  
4 100
6 110
1 001
3 011
0 000
2 010
7 111
3 011
6 110

  
  
2 4 0 2 7 3 5 6 2 4 2 7 2 5 5 1 1 7 4 7 3 7 7 2 2 1 3 3 6 4 7 4 5 4 5 3 0 6 5 5 2 4 6 2 6 7 7 0 3 5 6 5 2 6 3 0 4 7 0 4 2 5 5 0 4 2 1 7 5 5 3 2 0 0 0 122   6
6 2 3 7 7 1 6 3 4 4 2 7 2 5 5 1 1 7 4 7 3 7 7 2 2 1 3 3 6 4 7 4 5 4 5 3 0 6 5 5 2 4 6 2 6 7 7 0 3 5 6 5 2 6 3 0 4 7 0 4 2 5 5 0 6 1 1 1 6 4 5 2 1 2 1 117   8
+46 3 5 0 6 1 5 2   last 4 are mod 8 of above...


2 6 3 7 7 1 6 3 4 4 2 7 2 5 5 1 1 7 4 7 3 7 7 2 2 1 3 3 6 4 7 4 5 4 5 3 0 6 5 5 2 4 6 2 6 7 7 0 3 5 6 5 2 6 3 0 4 7 0 4 2 5 5 0 2 7 4 7 3 2 0 4 4 0 3 114   10
6 4 4 2 7 3 5 6 2 4 2 7 2 5 5 1 1 7 4 7 3 7 7 2 2 1 3 3 6 4 7 4 5 4 5 3 0 6 5 5 2 4 6 2 6 7 7 0 3 5 6 5 2 6 3 0 4 7 0 4 2 5 5 0 4 0 0 4 5 7 2 1 6 0 7 100   12
+46 1 3 0 2 7 3 6

6 6 1 2 0 1 0 4 5 2 2 7 2 5 5 1 1 7 4 7 3 7 7 2 2 1 3 3 6 4 7 4 5 4 5 3 0 6 5 5 2 4 6 2 6 7 7 0 3 5 6 5 2 6 3 0 4 7 0 4 2 5 5 0 4 2 5 7 5 1 7 6 4 0 3 71    16
2 2 1 2 0 1 0 4 5 2 2 7 2 5 5 1 1 7 4 7 3 7 7 2 2 1 3 3 6 4 7 4 5 4 5 3 0 6 5 5 2 4 6 2 6 7 7 0 3 5 6 5 2 6 3 0 4 7 0 4 2 5 5 0 0 0 6 1 0 3 4 4 1 2 6 139   18
4 4

2 2 3 3 7 1 6 3 4 4 2 7 2 5 5 1 1 7 4 7 3 7 7 2 2 1 3 3 6 4 7 4 5 4 5 3 0 6 5 5 2 4 6 2 6 7 7 0 3 5 6 5 2 6 3 0 4 7 0 4 2 5 5 0 0 2 1 3 5 1 3 6 4 0 5 98  34
6 0 4 6 7 3 5 6 2 4 2 7 2 5 5 1 1 7 4 7 3 7 7 2 2 1 3 3 6 4 7 4 5 4 5 3 0 6 5 5 2 4 6 2 6 7 7 0 3 5 6 5 2 6 3 0 4 7 0 4 2 5 5 0 6 1 3 0 7 0 7 7 6 0 0 198 36
4 6 1 3 0 2 7 3 6

2 0 6 3 5 2 7 5 4 3 0 7 2 5 5 1 1 7 4 7 3 7 7 2 2 1 3 3 6 4 7 4 5 4 5 3 0 6 5 5 2 4 6 2 6 7 7 0 3 5 6 5 2 6 3 0 4 7 0 4 2 5 5 0 2 3 4 3 3 2 4 4 4 0 7 94  254
6 6 7 7 5 0 3 3 2 5 7 1 2 5 5 1 1 7 4 7 3 7 																																					 256
4 6 1 4 0 6 4 6 6 2 7 2

2 2 7 7 5 0 3 3 2 5 7 1 2 5 5 1 1 7 4 7 3 7 7 2 2 1 3 3 6 4 7 4 5 4 5 3 0 6 5 5 2 4 6 2 6 7 7 0 3 5 6 5 2 6 3 0 4 7 0 4 2 5 5 0 6 7 4 3 7 6 4 0 0 0 1 143 258   256+2
6 0 0 2 1 6 2 2 4 5 7 1 2 5 5 1 1 7 4 7 3 7 7 2 2 1 3 3 6 4 7 4 5 4 5 3 0 6 5 5 2 4 6 2 6 7 7 0 3 5 6 5 2 6 3 0 4 7 0 4 2 5 5 0 0 0 0 0 1 3 6 5 2 0 4 108 260   256+4
4 6 1 3 4 6 7 7 2
=
4 6 1 3 0 2 7 3 6
0 0 0 0 4 4 0 4 4
I should probably not figure out the new math unless I really need too.......
might need to un-double-diff before it makes any sense anyways
