2 3 3 6 7 7 6 2 2 7 4 3 3 3 5 5 2 6 1 4 
2 3 3 6 7 7 4 3 4 5 4 4 1 3 5 5 2 6 1 4 
2 3 3 6 7 7 2 2 2 7 4 3 3 3 5 5 2 6 1 4 
2 3 3 6 7 7 0 5 1 7 2 4 2 1 5 5 2 6 1 4 
2 3 3 6 7 7 6 0 3 5 2 3 4 1 5 5 2 6 1 4 
2 3 3 6 7 7 4 5 1 7 2 4 2 1 5 5 2 6 1 4 
2 3 3 6 7 7 2 0 3 5 2 3 4 1 5 5 2 6 1 4 
2 3 3 6 7 7 0 7 4 5 4 4 1 3 5 5 2 6 1 4 
2 3 3 6 7 7 6 6 2 7 4 3 3 3 5 5 2 6 1 4 
2 3 3 6 7 7 4 7 4 5 4 4 1 3 5 5 2 6 1 4 
2 3 3 6 7 7 2 6 2 7 4 3 3 3 5 5 2 6 1 4 
2 3 3 6 7 7 0 1 7 6 4 2 2 2 7 5 2 6 1 4 
2 3 3 6 7 7 6 4 5 0 4 1 4 2 7 5 2 6 1 4 
2 3 3 6 7 7 4 1 7 6 4 2 2 2 7 5 2 6 1 4 
2 3 3 6 7 7 2 4 5 0 4 1 4 2 7 5 2 6 1 4 
2 3 3 6 7 7 0 3 6 0 2 2 1 4 7 5 2 6 1 4 
2 3 3 6 7 7 6 2 0 6 2 1 3 4 7 5 2 6 1 4 
2 3 3 6 7 7 4 3 6 0 2 2 1 4 7 5 2 6 1 4 
2 3 3 6 7 7 2 2 0 6 2 1 3 4 7 5 2 6 1 4 
2 3 3 6 7 7 0 5 7 6 4 2 2 2 7 5 2 6 1 4 
2 3 3 6 7 7 6 0 5 0 4 1 4 2 7 5 2 6 1 4 
2 3 3 6 7 7 4 5 7 6 4 2 2 2 7 5 2 6 1 4 
2 3 3 6 7 7 2 0 5 0 4 1 4 2 7 5 2 6 1 4 
2 3 3 6 7 7 0 7 6 0 2 2 1 4 7 5 2 6 1 4 
2 3 3 6 7 7 6 6 0 6 2 1 3 4 7 5 2 6 1 4 
2 3 3 6 7 7 4 7 6 0 2 2 1 4 7 5 2 6 1 4 
2 3 3 6 7 7 2 6 0 6 2 1 3 4 7 5 2 6 1 4 
2 3 3 6 7 7 0 1 5 7 2 4 2 1 5 5 2 6 1 4 
2 3 3 6 7 7 6 4 7 5 2 3 4 1 5 5 2 6 1 4 
2 3 3 6 7 7 4 1 5 7 2 4 2 1 5 5 2 6 1 4 
2 3 3 6 7 7 2 4 7 5 2 3 4 1 5 5 2 6 1 4 
2 3 3 6 7 7 0 3 0 5 4 4 1 3 5 5 2 6 1 4 
2 3 3 6 7 7 6 2 6 7 4 3 3 3 5 5 2 6 1 4 
2 3 3 6 7 7 4 3 0 5 4 4 1 3 5 5 2 6 1 4 
2 3 3 6 7 7 2 2 6 7 4 3 3 3 5 5 2 6 1 4 
2 3 3 6 7 7 0 5 5 7 2 4 2 1 5 5 2 6 1 4 
2 3 3 6 7 7 6 0 7 5 2 3 4 1 5 5 2 6 1 4 
2 3 3 6 7 7 4 5 5 7 2 4 2 1 5 5 2 6 1 4 
2 3 3 6 7 7 2 0 7 5 2 3 4 1 5 5 2 6 1 4 
2 3 3 6 7 7 0 7 0 5 4 4 1 3 5 5 2 6 1 4 
2 3 3 6 7 7 6 6 6 7 4 3 3 3 5 5 2 6 1 4 
2 3 3 6 7 7 4 7 0 5 4 4 1 3 5 5 2 6 1 4 
2 3 3 6 7 7 2 6 6 7 4 3 3 3 5 5 2 6 1 4 
2 3 3 6 7 7 0 1 3 0 1 4 4 2 0 7 2 6 1 4 
2 3 3 6 7 7 6 4 1 6 1 3 2 2 0 7 2 6 1 4 
2 3 3 6 7 7 4 1 3 0 1 4 4 2 0 7 2 6 1 4 
2 3 3 6 7 7 2 4 1 6 1 3 2 2 0 7 2 6 1 4 
2 3 3 6 7 7 0 3 2 6 3 4 3 4 0 7 2 6 1 4 
2 3 3 6 7 7 6 2 4 0 3 3 1 4 0 7 2 6 1 4 
2 3 3 6 7 7 4 3 2 6 3 4 3 4 0 7 2 6 1 4 
2 3 3 6 7 7 2 2 4 0 3 3 1 4 0 7 2 6 1 4 
2 3 3 6 7 7 0 5 3 0 1 4 4 2 0 7 2 6 1 4 
2 3 3 6 7 7 6 0 1 6 1 3 2 2 0 7 2 6 1 4 
2 3 3 6 7 7 4 5 3 0 1 4 4 2 0 7 2 6 1 4 
2 3 3 6 7 7 2 0 1 6 1 3 2 2 0 7 2 6 1 4 
2 3 3 6 7 7 0 7 2 6 3 4 3 4 0 7 2 6 1 4 
2 3 3 6 7 7 6 6 4 0 3 3 1 4 0 7 2 6 1 4 
2 3 3 6 7 7 4 7 2 6 3 4 3 4 0 7 2 6 1 4 
            0
            6
            4
            2
            01
            03
            05
            07
            017
            015
            013
            
2 3 3 6 7 7 0 5 1 7 2 4 2 1 5 5 2 6 1 4 
2 3 3 6 7 7 0 7 4 5 4 4 1 3 5 5 2 6 1 4 
2 3 3 6 7 7 0 1 7 6 4 2 2 2 7 5 2 6 1 4 
2 3 3 6 7 7 0 3 6 0 2 2 1 4 7 5 2 6 1 4 
2 3 3 6 7 7 0 5 7 6 4 2 2 2 7 5 2 6 1 4 
2 3 3 6 7 7 0 7 6 0 2 2 1 4 7 5 2 6 1 4 
2 3 3 6 7 7 0 1 5 7 2 4 2 1 5 5 2 6 1 4 
2 3 3 6 7 7 0 3 0 5 4 4 1 3 5 5 2 6 1 4 
2 3 3 6 7 7 0 5 5 7 2 4 2 1 5 5 2 6 1 4 
2 3 3 6 7 7 0 7 0 5 4 4 1 3 5 5 2 6 1 4 
2 3 3 6 7 7 0 1 3 0 1 4 4 2 0 7 2 6 1 4 
2 3 3 6 7 7 0 3 2 6 3 4 3 4 0 7 2 6 1 4 
2 3 3 6 7 7 0 5 3 0 1 4 4 2 0 7 2 6 1 4 
2 3 3 6 7 7 0 7 2 6 3 4 3 4 0 7 2 6 1 4 
2 3 3 6 7 7 0 1 1 5 3 2 4 1 6 7 2 6 1 4 
2 3 3 6 7 7 0 3 4 7 1 2 3 3 6 7 2 6 1 4 
2 3 3 6 7 7 0 5 1 5 3 2 4 1 6 7 2 6 1 4 
2 3 3 6 7 7 0 7 4 7 1 2 3 3 6 7 2 6 1 4 
2 3 3 6 7 7 0 1 7 0 1 4 4 2 0 7 2 6 1 4 
2 3 3 6 7 7 0 3 6 6 3 4 3 4 0 7 2 6 1 4 
2 3 3 6 7 7 0 5 7 0 1 4 4 2 0 7 2 6 1 4 
2 3 3 6 7 7 0 7 6 6 3 4 3 4 0 7 2 6 1 4 
2 3 3 6 7 7 0 1 5 5 3 2 4 1 6 7 2 6 1 4 
2 3 3 6 7 7 0 3 0 7 1 2 3 3 6 7 2 6 1 4 
2 3 3 6 7 7 0 5 5 5 3 2 4 1 6 7 2 6 1 4 
2 3 3 6 7 7 0 7 0 7 1 2 3 3 6 7 2 6 1 4 
2 3 3 6 7 7 0 1 3 2 2 3 4 4 7 6 4 6 1 4 
2 3 3 6 7 7 0 3 2 4 4 3 3 2 7 6 4 6 1 4 



              1
              3
              5
              7
              17
              15
              13 *
              11


                    

