sum          : [4, 4, 4, 0, 4, 0, 4, 0, 2, 4, 6, 0, 0, 0, 0, 0, 6, 4, 2, 0, 0, 0, 4, 0, 0, 0, 0, 0, 0, 0, 0, 0]
expected     : [4, 4, 4, 0, 4, 0, 4, 0, 2, 4, 6, 0, 0, 0, 0, 0, 6, 4, 2, 0, 0, 0, 4, 4, 2, 7, 7, 4, 6, 7, 5, 6, 0, 0, 0, 0, 0, 0, 0, 0]
                                                                                     *  *  *  *  *  *  *  *  *  
sum          : [4, 4, 4, 0, 4, 0, 4, 0, 2, 4, 6, 0, 0, 0, 0, 0, 6, 4, 2, 0, 0, 0, 4, 6, 5, 6, 6, 0, 7, 6, 0, 0]
expected     : [4, 4, 4, 0, 4, 0, 4, 0, 2, 4, 6, 0, 0, 0, 0, 0, 6, 4, 2, 0, 0, 0, 4, 4, 2, 7, 7, 4, 6, 7, 5, 6]
                                                                                     *  *  *  *  *  *  *  *  *  
sum          : [4, 4, 4, 0, 4, 0, 4, 0, 2, 4, 6, 0, 0, 0, 0, 0, 6, 4, 2, 0, 0, 0, 4, 4, 0, 0, 0, 0, 0, 0, 0, 0]
expected     : [4, 4, 4, 0, 4, 0, 4, 0, 2, 4, 6, 0, 0, 0, 0, 0, 6, 4, 2, 0, 0, 0, 4, 4, 2, 7, 7, 4, 6, 7, 5, 6]
                                                                                        *  *  *  *  *  *  *  *  
sum          : [4, 4, 4, 0, 4, 0, 4, 0, 2, 4, 6, 0, 0, 0, 0, 0, 6, 4, 2, 0, 0, 0, 4, 4, 6, 5, 6, 6, 0, 7, 6, 0]
expected     : [4, 4, 4, 0, 4, 0, 4, 0, 2, 4, 6, 0, 0, 0, 0, 0, 6, 4, 2, 0, 0, 0, 4, 4, 2, 7, 7, 4, 6, 7, 5, 6]
                                                                                        *  *  *  *  *     *  *  
sum          : [4, 4, 4, 0, 4, 0, 4, 0, 2, 4, 6, 0, 0, 0, 0, 0, 6, 4, 2, 0, 0, 0, 4, 4, 4, 0, 0, 0, 0, 0, 0, 0]
expected     : [4, 4, 4, 0, 4, 0, 4, 0, 2, 4, 6, 0, 0, 0, 0, 0, 6, 4, 2, 0, 0, 0, 4, 4, 2, 7, 7, 4, 6, 7, 5, 6]
                                                                                        *  *  *  *  *  *  *  *  
sum          : [4, 4, 4, 0, 4, 0, 4, 0, 2, 4, 6, 0, 0, 0, 0, 0, 6, 4, 2, 0, 0, 0, 4, 4, 2, 5, 6, 6, 0, 7, 6, 0]
expected     : [4, 4, 4, 0, 4, 0, 4, 0, 2, 4, 6, 0, 0, 0, 0, 0, 6, 4, 2, 0, 0, 0, 4, 4, 2, 7, 7, 4, 6, 7, 5, 6]
                                                                                           *  *  *  *     *  *  
sum          : [4, 4, 4, 0, 4, 0, 4, 0, 2, 4, 6, 0, 0, 0, 0, 0, 6, 4, 2, 0, 0, 0, 4, 4, 2, 7, 7, 0, 6, 7, 5, 6]
expected     : [4, 4, 4, 0, 4, 0, 4, 0, 2, 4, 6, 0, 0, 0, 0, 0, 6, 4, 2, 0, 0, 0, 4, 4, 2, 7, 7, 4, 6, 7, 5, 6]
                                                                                                 *              
sum          : [4, 4, 4, 0, 4, 0, 4, 0, 2, 4, 6, 0, 0, 0, 0, 0, 6, 4, 2, 0, 0, 0, 4, 4, 2, 7, 7, 6, 7, 5, 7, 6]
expected     : [4, 4, 4, 0, 4, 0, 4, 0, 2, 4, 6, 0, 0, 0, 0, 0, 6, 4, 2, 0, 0, 0, 4, 4, 2, 7, 7, 4, 6, 7, 5, 6]
                                                                                                 *  *  *  *     
Sum          : [4, 4, 4, 0, 4, 0, 4, 0, 2, 4, 6, 0, 0, 0, 0, 0, 6, 4, 2, 0, 0, 0, 4, 4, 2, 7, 7, 4, 6, 7, 5, 6]
Expected     : [4, 4, 4, 0, 4, 0, 4, 0, 2, 4, 6, 0, 0, 0, 0, 0, 6, 4, 2, 0, 0, 0, 4, 4, 2, 7, 7, 4, 6, 7, 5, 6]
Found: [0, 0, 0, 0, 0, 128, 135, 0]
0x0 0x0 0x0 0x0 0x0 0x80 0x87 0x0 
sum          : [4, 4, 4, 0, 4, 0, 4, 0, 2, 4, 6, 0, 0, 0, 0, 0, 6, 4, 2, 0, 0, 0, 4, 0, 0, 0, 0, 0, 0, 0, 0, 0, 4, 2, 1, 0, 7, 0, 6, 1, 3, 2, 1, 4, 3, 3, 6, 7, 0, 7, 3, 2]
expected     : [4, 4, 4, 0, 4, 0, 4, 0, 2, 4, 6, 0, 0, 0, 0, 0, 6, 4, 2, 0, 0, 0, 4, 4, 2, 7, 7, 4, 6, 7, 5, 6, 6, 1, 2, 2, 4, 7, 4, 7, 3, 4, 4, 2, 3, 4, 0, 7, 0, 7, 3, 2, 0, 0, 0, 0, 0, 0, 0, 0]
                                                                                     *  *  *  *  *  *  *  *  *  *  *  *  *  *  *  *  *     *  *  *     *  *                 
sum          : [4, 4, 4, 0, 4, 0, 4, 0, 2, 4, 6, 0, 0, 0, 0, 0, 6, 4, 2, 0, 0, 0, 4, 6, 5, 6, 6, 0, 7, 6, 0, 0, 4, 2, 1, 0, 7, 0, 6, 1, 3, 2, 1, 4, 3, 3, 6, 7, 0, 7, 3, 2]
expected     : [4, 4, 4, 0, 4, 0, 4, 0, 2, 4, 6, 0, 0, 0, 0, 0, 6, 4, 2, 0, 0, 0, 4, 4, 2, 7, 7, 4, 6, 7, 5, 6, 6, 1, 2, 2, 4, 7, 4, 7, 3, 4, 4, 2, 3, 4, 0, 7, 0, 7, 3, 2]
                                                                                     *  *  *  *  *  *  *  *  *  *  *  *  *  *  *  *  *     *  *  *     *  *                 
sum          : [4, 4, 4, 0, 4, 0, 4, 0, 2, 4, 6, 0, 0, 0, 0, 0, 6, 4, 2, 0, 0, 0, 4, 4, 0, 0, 0, 0, 0, 0, 0, 0, 4, 2, 1, 0, 7, 0, 6, 1, 3, 2, 1, 4, 3, 3, 6, 7, 0, 7, 3, 2]
expected     : [4, 4, 4, 0, 4, 0, 4, 0, 2, 4, 6, 0, 0, 0, 0, 0, 6, 4, 2, 0, 0, 0, 4, 4, 2, 7, 7, 4, 6, 7, 5, 6, 6, 1, 2, 2, 4, 7, 4, 7, 3, 4, 4, 2, 3, 4, 0, 7, 0, 7, 3, 2]
                                                                                        *  *  *  *  *  *  *  *  *  *  *  *  *  *  *  *     *  *  *     *  *                 
sum          : [4, 4, 4, 0, 4, 0, 4, 0, 2, 4, 6, 0, 0, 0, 0, 0, 6, 4, 2, 0, 0, 0, 4, 4, 6, 5, 6, 6, 0, 7, 6, 0, 4, 2, 1, 0, 7, 0, 6, 1, 3, 2, 1, 4, 3, 3, 6, 7, 0, 7, 3, 2]
expected     : [4, 4, 4, 0, 4, 0, 4, 0, 2, 4, 6, 0, 0, 0, 0, 0, 6, 4, 2, 0, 0, 0, 4, 4, 2, 7, 7, 4, 6, 7, 5, 6, 6, 1, 2, 2, 4, 7, 4, 7, 3, 4, 4, 2, 3, 4, 0, 7, 0, 7, 3, 2]
                                                                                        *  *  *  *  *     *  *  *  *  *  *  *  *  *  *     *  *  *     *  *                 
sum          : [4, 4, 4, 0, 4, 0, 4, 0, 2, 4, 6, 0, 0, 0, 0, 0, 6, 4, 2, 0, 0, 0, 4, 4, 4, 0, 0, 0, 0, 0, 0, 0, 4, 2, 1, 0, 7, 0, 6, 1, 3, 2, 1, 4, 3, 3, 6, 7, 0, 7, 3, 2]
expected     : [4, 4, 4, 0, 4, 0, 4, 0, 2, 4, 6, 0, 0, 0, 0, 0, 6, 4, 2, 0, 0, 0, 4, 4, 2, 7, 7, 4, 6, 7, 5, 6, 6, 1, 2, 2, 4, 7, 4, 7, 3, 4, 4, 2, 3, 4, 0, 7, 0, 7, 3, 2]
                                                                                        *  *  *  *  *  *  *  *  *  *  *  *  *  *  *  *     *  *  *     *  *                 
sum          : [4, 4, 4, 0, 4, 0, 4, 0, 2, 4, 6, 0, 0, 0, 0, 0, 6, 4, 2, 0, 0, 0, 4, 4, 2, 5, 6, 6, 0, 7, 6, 0, 4, 2, 1, 0, 7, 0, 6, 1, 3, 2, 1, 4, 3, 3, 6, 7, 0, 7, 3, 2]
expected     : [4, 4, 4, 0, 4, 0, 4, 0, 2, 4, 6, 0, 0, 0, 0, 0, 6, 4, 2, 0, 0, 0, 4, 4, 2, 7, 7, 4, 6, 7, 5, 6, 6, 1, 2, 2, 4, 7, 4, 7, 3, 4, 4, 2, 3, 4, 0, 7, 0, 7, 3, 2]
                                                                                           *  *  *  *     *  *  *  *  *  *  *  *  *  *     *  *  *     *  *                 
sum          : [4, 4, 4, 0, 4, 0, 4, 0, 2, 4, 6, 0, 0, 0, 0, 0, 6, 4, 2, 0, 0, 0, 4, 4, 2, 7, 7, 0, 6, 7, 5, 6, 4, 2, 1, 0, 7, 0, 6, 1, 3, 2, 1, 4, 3, 3, 6, 7, 0, 7, 3, 2]
expected     : [4, 4, 4, 0, 4, 0, 4, 0, 2, 4, 6, 0, 0, 0, 0, 0, 6, 4, 2, 0, 0, 0, 4, 4, 2, 7, 7, 4, 6, 7, 5, 6, 6, 1, 2, 2, 4, 7, 4, 7, 3, 4, 4, 2, 3, 4, 0, 7, 0, 7, 3, 2]
                                                                                                 *              *  *  *  *  *  *  *  *     *  *  *     *  *                 
sum          : [4, 4, 4, 0, 4, 0, 4, 0, 2, 4, 6, 0, 0, 0, 0, 0, 6, 4, 2, 0, 0, 0, 4, 4, 2, 7, 7, 6, 7, 5, 7, 6, 3, 4, 1, 0, 7, 0, 6, 1, 3, 2, 1, 4, 3, 3, 6, 7, 0, 7, 3, 2]
expected     : [4, 4, 4, 0, 4, 0, 4, 0, 2, 4, 6, 0, 0, 0, 0, 0, 6, 4, 2, 0, 0, 0, 4, 4, 2, 7, 7, 4, 6, 7, 5, 6, 6, 1, 2, 2, 4, 7, 4, 7, 3, 4, 4, 2, 3, 4, 0, 7, 0, 7, 3, 2]
                                                                                                 *  *  *  *     *  *  *  *  *  *  *  *     *  *  *     *  *                 
sum          : [4, 4, 4, 0, 4, 0, 4, 0, 2, 4, 6, 0, 0, 0, 0, 0, 6, 4, 2, 0, 0, 0, 4, 4, 2, 7, 7, 4, 6, 7, 5, 6, 4, 2, 1, 0, 7, 0, 6, 1, 3, 2, 1, 4, 3, 3, 6, 7, 0, 7, 3, 2]
expected     : [4, 4, 4, 0, 4, 0, 4, 0, 2, 4, 6, 0, 0, 0, 0, 0, 6, 4, 2, 0, 0, 0, 4, 4, 2, 7, 7, 4, 6, 7, 5, 6, 6, 1, 2, 2, 4, 7, 4, 7, 3, 4, 4, 2, 3, 4, 0, 7, 0, 7, 3, 2]
                                                                                                                *  *  *  *  *  *  *  *     *  *  *     *  *                 
sum          : [4, 4, 4, 0, 4, 0, 4, 0, 2, 4, 6, 0, 0, 0, 0, 0, 6, 4, 2, 0, 0, 0, 4, 4, 2, 7, 7, 4, 6, 7, 5, 6, 2, 3, 3, 6, 7, 7, 0, 1, 3, 2, 1, 4, 3, 3, 6, 7, 0, 7, 3, 2]
expected     : [4, 4, 4, 0, 4, 0, 4, 0, 2, 4, 6, 0, 0, 0, 0, 0, 6, 4, 2, 0, 0, 0, 4, 4, 2, 7, 7, 4, 6, 7, 5, 6, 6, 1, 2, 2, 4, 7, 4, 7, 3, 4, 4, 2, 3, 4, 0, 7, 0, 7, 3, 2]
                                                                                                                *  *  *  *  *     *  *     *  *  *     *  *                 
sum          : [4, 4, 4, 0, 4, 0, 4, 0, 2, 4, 6, 0, 0, 0, 0, 0, 6, 4, 2, 0, 0, 0, 4, 4, 2, 7, 7, 4, 6, 7, 5, 6, 0, 2, 1, 0, 7, 0, 6, 1, 3, 2, 1, 4, 3, 3, 6, 7, 0, 7, 3, 2]
expected     : [4, 4, 4, 0, 4, 0, 4, 0, 2, 4, 6, 0, 0, 0, 0, 0, 6, 4, 2, 0, 0, 0, 4, 4, 2, 7, 7, 4, 6, 7, 5, 6, 6, 1, 2, 2, 4, 7, 4, 7, 3, 4, 4, 2, 3, 4, 0, 7, 0, 7, 3, 2]
                                                                                                                *  *  *  *  *  *  *  *     *  *  *     *  *                 
sum          : [4, 4, 4, 0, 4, 0, 4, 0, 2, 4, 6, 0, 0, 0, 0, 0, 6, 4, 2, 0, 0, 0, 4, 4, 2, 7, 7, 4, 6, 7, 5, 6, 6, 3, 3, 6, 7, 7, 0, 1, 3, 2, 1, 4, 3, 3, 6, 7, 0, 7, 3, 2]
expected     : [4, 4, 4, 0, 4, 0, 4, 0, 2, 4, 6, 0, 0, 0, 0, 0, 6, 4, 2, 0, 0, 0, 4, 4, 2, 7, 7, 4, 6, 7, 5, 6, 6, 1, 2, 2, 4, 7, 4, 7, 3, 4, 4, 2, 3, 4, 0, 7, 0, 7, 3, 2]
                                                                                                                   *  *  *  *     *  *     *  *  *     *  *                 
sum          : [4, 4, 4, 0, 4, 0, 4, 0, 2, 4, 6, 0, 0, 0, 0, 0, 6, 4, 2, 0, 0, 0, 4, 4, 2, 7, 7, 4, 6, 7, 5, 6, 6, 1, 2, 0, 5, 7, 7, 3, 3, 2, 1, 4, 3, 3, 6, 7, 0, 7, 3, 2]
expected     : [4, 4, 4, 0, 4, 0, 4, 0, 2, 4, 6, 0, 0, 0, 0, 0, 6, 4, 2, 0, 0, 0, 4, 4, 2, 7, 7, 4, 6, 7, 5, 6, 6, 1, 2, 2, 4, 7, 4, 7, 3, 4, 4, 2, 3, 4, 0, 7, 0, 7, 3, 2]
                                                                                                                         *  *     *  *     *  *  *     *  *                 
sum          : [4, 4, 4, 0, 4, 0, 4, 0, 2, 4, 6, 0, 0, 0, 0, 0, 6, 4, 2, 0, 0, 0, 4, 4, 2, 7, 7, 4, 6, 7, 5, 6, 6, 1, 2, 6, 0, 5, 5, 3, 4, 4, 1, 4, 3, 3, 6, 7, 0, 7, 3, 2]
expected     : [4, 4, 4, 0, 4, 0, 4, 0, 2, 4, 6, 0, 0, 0, 0, 0, 6, 4, 2, 0, 0, 0, 4, 4, 2, 7, 7, 4, 6, 7, 5, 6, 6, 1, 2, 2, 4, 7, 4, 7, 3, 4, 4, 2, 3, 4, 0, 7, 0, 7, 3, 2]
                                                                                                                         *  *  *  *  *  *     *  *     *  *                 
sum          : [4, 4, 4, 0, 4, 0, 4, 0, 2, 4, 6, 0, 0, 0, 0, 0, 6, 4, 2, 0, 0, 0, 4, 4, 2, 7, 7, 4, 6, 7, 5, 6, 6, 1, 2, 4, 5, 7, 7, 3, 3, 2, 1, 4, 3, 3, 6, 7, 0, 7, 3, 2]
expected     : [4, 4, 4, 0, 4, 0, 4, 0, 2, 4, 6, 0, 0, 0, 0, 0, 6, 4, 2, 0, 0, 0, 4, 4, 2, 7, 7, 4, 6, 7, 5, 6, 6, 1, 2, 2, 4, 7, 4, 7, 3, 4, 4, 2, 3, 4, 0, 7, 0, 7, 3, 2]
                                                                                                                         *  *     *  *     *  *  *     *  *                 
sum          : [4, 4, 4, 0, 4, 0, 4, 0, 2, 4, 6, 0, 0, 0, 0, 0, 6, 4, 2, 0, 0, 0, 4, 4, 2, 7, 7, 4, 6, 7, 5, 6, 6, 1, 2, 2, 0, 5, 5, 3, 4, 4, 1, 4, 3, 3, 6, 7, 0, 7, 3, 2]
expected     : [4, 4, 4, 0, 4, 0, 4, 0, 2, 4, 6, 0, 0, 0, 0, 0, 6, 4, 2, 0, 0, 0, 4, 4, 2, 7, 7, 4, 6, 7, 5, 6, 6, 1, 2, 2, 4, 7, 4, 7, 3, 4, 4, 2, 3, 4, 0, 7, 0, 7, 3, 2]
                                                                                                                            *  *  *  *  *     *  *     *  *                 
sum          : [4, 4, 4, 0, 4, 0, 4, 0, 2, 4, 6, 0, 0, 0, 0, 0, 6, 4, 2, 0, 0, 0, 4, 4, 2, 7, 7, 4, 6, 7, 5, 6, 6, 1, 2, 2, 6, 0, 7, 1, 4, 3, 3, 4, 3, 3, 6, 7, 0, 7, 3, 2]
expected     : [4, 4, 4, 0, 4, 0, 4, 0, 2, 4, 6, 0, 0, 0, 0, 0, 6, 4, 2, 0, 0, 0, 4, 4, 2, 7, 7, 4, 6, 7, 5, 6, 6, 1, 2, 2, 4, 7, 4, 7, 3, 4, 4, 2, 3, 4, 0, 7, 0, 7, 3, 2]
                                                                                                                            *  *  *  *  *  *  *  *     *  *                 
sum          : [4, 4, 4, 0, 4, 0, 4, 0, 2, 4, 6, 0, 0, 0, 0, 0, 6, 4, 2, 0, 0, 0, 4, 4, 2, 7, 7, 4, 6, 7, 5, 6, 6, 1, 2, 2, 4, 5, 5, 3, 4, 4, 1, 4, 3, 3, 6, 7, 0, 7, 3, 2]
expected     : [4, 4, 4, 0, 4, 0, 4, 0, 2, 4, 6, 0, 0, 0, 0, 0, 6, 4, 2, 0, 0, 0, 4, 4, 2, 7, 7, 4, 6, 7, 5, 6, 6, 1, 2, 2, 4, 7, 4, 7, 3, 4, 4, 2, 3, 4, 0, 7, 0, 7, 3, 2]
                                                                                                                               *  *  *  *     *  *     *  *                 
sum          : [4, 4, 4, 0, 4, 0, 4, 0, 2, 4, 6, 0, 0, 0, 0, 0, 6, 4, 2, 0, 0, 0, 4, 4, 2, 7, 7, 4, 6, 7, 5, 6, 6, 1, 2, 2, 4, 7, 4, 1, 2, 4, 2, 2, 3, 3, 6, 7, 0, 7, 3, 2]
expected     : [4, 4, 4, 0, 4, 0, 4, 0, 2, 4, 6, 0, 0, 0, 0, 0, 6, 4, 2, 0, 0, 0, 4, 4, 2, 7, 7, 4, 6, 7, 5, 6, 6, 1, 2, 2, 4, 7, 4, 7, 3, 4, 4, 2, 3, 4, 0, 7, 0, 7, 3, 2]
                                                                                                                                     *  *     *        *  *                 
sum          : [4, 4, 4, 0, 4, 0, 4, 0, 2, 4, 6, 0, 0, 0, 0, 0, 6, 4, 2, 0, 0, 0, 4, 4, 2, 7, 7, 4, 6, 7, 5, 6, 6, 1, 2, 2, 4, 7, 4, 3, 7, 2, 4, 2, 4, 1, 6, 7, 0, 7, 3, 2]
expected     : [4, 4, 4, 0, 4, 0, 4, 0, 2, 4, 6, 0, 0, 0, 0, 0, 6, 4, 2, 0, 0, 0, 4, 4, 2, 7, 7, 4, 6, 7, 5, 6, 6, 1, 2, 2, 4, 7, 4, 7, 3, 4, 4, 2, 3, 4, 0, 7, 0, 7, 3, 2]
                                                                                                                                     *  *  *        *  *  *                 
sum          : [4, 4, 4, 0, 4, 0, 4, 0, 2, 4, 6, 0, 0, 0, 0, 0, 6, 4, 2, 0, 0, 0, 4, 4, 2, 7, 7, 4, 6, 7, 5, 6, 6, 1, 2, 2, 4, 7, 4, 5, 2, 4, 2, 2, 3, 3, 6, 7, 0, 7, 3, 2]
expected     : [4, 4, 4, 0, 4, 0, 4, 0, 2, 4, 6, 0, 0, 0, 0, 0, 6, 4, 2, 0, 0, 0, 4, 4, 2, 7, 7, 4, 6, 7, 5, 6, 6, 1, 2, 2, 4, 7, 4, 7, 3, 4, 4, 2, 3, 4, 0, 7, 0, 7, 3, 2]
                                                                                                                                     *  *     *        *  *                 
sum          : [4, 4, 4, 0, 4, 0, 4, 0, 2, 4, 6, 0, 0, 0, 0, 0, 6, 4, 2, 0, 0, 0, 4, 4, 2, 7, 7, 4, 6, 7, 5, 6, 6, 1, 2, 2, 4, 7, 4, 7, 7, 2, 4, 2, 4, 1, 6, 7, 0, 7, 3, 2]
expected     : [4, 4, 4, 0, 4, 0, 4, 0, 2, 4, 6, 0, 0, 0, 0, 0, 6, 4, 2, 0, 0, 0, 4, 4, 2, 7, 7, 4, 6, 7, 5, 6, 6, 1, 2, 2, 4, 7, 4, 7, 3, 4, 4, 2, 3, 4, 0, 7, 0, 7, 3, 2]
                                                                                                                                        *  *        *  *  *                 
sum          : [4, 4, 4, 0, 4, 0, 4, 0, 2, 4, 6, 0, 0, 0, 0, 0, 6, 4, 2, 0, 0, 0, 4, 4, 2, 7, 7, 4, 6, 7, 5, 6, 6, 1, 2, 2, 4, 7, 4, 7, 5, 3, 2, 4, 4, 2, 0, 7, 0, 7, 3, 2]
expected     : [4, 4, 4, 0, 4, 0, 4, 0, 2, 4, 6, 0, 0, 0, 0, 0, 6, 4, 2, 0, 0, 0, 4, 4, 2, 7, 7, 4, 6, 7, 5, 6, 6, 1, 2, 2, 4, 7, 4, 7, 3, 4, 4, 2, 3, 4, 0, 7, 0, 7, 3, 2]
                                                                                                                                        *  *  *  *  *  *                    
sum          : [4, 4, 4, 0, 4, 0, 4, 0, 2, 4, 6, 0, 0, 0, 0, 0, 6, 4, 2, 0, 0, 0, 4, 4, 2, 7, 7, 4, 6, 7, 5, 6, 6, 1, 2, 2, 4, 7, 4, 7, 3, 2, 4, 2, 4, 1, 6, 7, 0, 7, 3, 2]
expected     : [4, 4, 4, 0, 4, 0, 4, 0, 2, 4, 6, 0, 0, 0, 0, 0, 6, 4, 2, 0, 0, 0, 4, 4, 2, 7, 7, 4, 6, 7, 5, 6, 6, 1, 2, 2, 4, 7, 4, 7, 3, 4, 4, 2, 3, 4, 0, 7, 0, 7, 3, 2]
                                                                                                                                           *        *  *  *                 
sum          : [4, 4, 4, 0, 4, 0, 4, 0, 2, 4, 6, 0, 0, 0, 0, 0, 6, 4, 2, 0, 0, 0, 4, 4, 2, 7, 7, 4, 6, 7, 5, 6, 6, 1, 2, 2, 4, 7, 4, 7, 3, 4, 1, 4, 2, 1, 5, 5, 0, 7, 3, 2]
expected     : [4, 4, 4, 0, 4, 0, 4, 0, 2, 4, 6, 0, 0, 0, 0, 0, 6, 4, 2, 0, 0, 0, 4, 4, 2, 7, 7, 4, 6, 7, 5, 6, 6, 1, 2, 2, 4, 7, 4, 7, 3, 4, 4, 2, 3, 4, 0, 7, 0, 7, 3, 2]
                                                                                                                                              *  *  *  *  *  *              
sum          : [4, 4, 4, 0, 4, 0, 4, 0, 2, 4, 6, 0, 0, 0, 0, 0, 6, 4, 2, 0, 0, 0, 4, 4, 2, 7, 7, 4, 6, 7, 5, 6, 6, 1, 2, 2, 4, 7, 4, 7, 3, 4, 3, 1, 4, 3, 5, 6, 6, 7, 3, 2]
expected     : [4, 4, 4, 0, 4, 0, 4, 0, 2, 4, 6, 0, 0, 0, 0, 0, 6, 4, 2, 0, 0, 0, 4, 4, 2, 7, 7, 4, 6, 7, 5, 6, 6, 1, 2, 2, 4, 7, 4, 7, 3, 4, 4, 2, 3, 4, 0, 7, 0, 7, 3, 2]
                                                                                                                                              *  *  *  *  *  *  *           
sum          : [4, 4, 4, 0, 4, 0, 4, 0, 2, 4, 6, 0, 0, 0, 0, 0, 6, 4, 2, 0, 0, 0, 4, 4, 2, 7, 7, 4, 6, 7, 5, 6, 6, 1, 2, 2, 4, 7, 4, 7, 3, 4, 5, 4, 2, 1, 5, 5, 0, 7, 3, 2]
expected     : [4, 4, 4, 0, 4, 0, 4, 0, 2, 4, 6, 0, 0, 0, 0, 0, 6, 4, 2, 0, 0, 0, 4, 4, 2, 7, 7, 4, 6, 7, 5, 6, 6, 1, 2, 2, 4, 7, 4, 7, 3, 4, 4, 2, 3, 4, 0, 7, 0, 7, 3, 2]
                                                                                                                                              *  *  *  *  *  *              
sum          : [4, 4, 4, 0, 4, 0, 4, 0, 2, 4, 6, 0, 0, 0, 0, 0, 6, 4, 2, 0, 0, 0, 4, 4, 2, 7, 7, 4, 6, 7, 5, 6, 6, 1, 2, 2, 4, 7, 4, 7, 3, 4, 7, 1, 4, 3, 5, 6, 6, 7, 3, 2]
expected     : [4, 4, 4, 0, 4, 0, 4, 0, 2, 4, 6, 0, 0, 0, 0, 0, 6, 4, 2, 0, 0, 0, 4, 4, 2, 7, 7, 4, 6, 7, 5, 6, 6, 1, 2, 2, 4, 7, 4, 7, 3, 4, 4, 2, 3, 4, 0, 7, 0, 7, 3, 2]
                                                                                                                                              *  *  *  *  *  *  *           
[4, 4, 4, 0, 4, 0, 4, 0, 2, 4, 6, 0, 0, 0, 0, 0, 6, 4, 2, 0, 0, 0, 4, 4, 2, 7, 7, 4, 6, 7, 5, 6, 6, 1, 2, 2, 4, 7, 4, 7, 3, 4, 7, 1, 4, 3, 5, 6, 6, 7, 3, 2]
[4, 4, 4, 0, 4, 0, 4, 0, 2, 4, 6, 0, 0, 0, 0, 0, 6, 4, 2, 0, 0, 0, 4, 4, 2, 7, 7, 4, 6, 7, 5, 6, 6, 1, 2, 2, 4, 7, 4, 7, 3, 4, 4, 2, 3, 4, 0, 7, 0, 7, 3, 2]
Impossible 42
Impossible
[
[0, 2, 2, 0, 0, 2] ,
[0, 2, 2, 0, 0, 6] ,
[0, 2, 2, 0, 4, 2] ,
[0, 2, 2, 0, 4, 6] ,
[0, 2, 2, 2, 3, 1] ,
[0, 2, 2, 2, 3, 5] ,
[0, 2, 2, 2, 7, 1] ,
[0, 2, 2, 2, 7, 5] ,
[0, 2, 2, 4, 0, 2] ,
[0, 2, 2, 4, 0, 6] ,
[0, 2, 2, 4, 4, 2] ,
[0, 2, 2, 4, 4, 6] ,
[0, 2, 2, 6, 3, 1] ,
[0, 2, 2, 6, 3, 5] ,
[0, 2, 2, 6, 7, 1] ,
[0, 2, 2, 6, 7, 5] ,
[0, 2, 6, 0, 0, 2] ,
[0, 2, 6, 0, 0, 6] ,
[0, 2, 6, 0, 4, 2] ,
[0, 2, 6, 0, 4, 6] ,
[0, 2, 6, 2, 3, 1] ,
[0, 2, 6, 2, 3, 5] ,
[0, 2, 6, 2, 7, 1] ,
[0, 2, 6, 2, 7, 5] ,
[0, 2, 6, 4, 0, 2] ,
[0, 2, 6, 4, 0, 6] ,
[0, 2, 6, 4, 4, 2] ,
[0, 2, 6, 4, 4, 6] ,
[0, 2, 6, 6, 3, 1] ,
[0, 2, 6, 6, 3, 5] ,
[0, 2, 6, 6, 7, 1] ,
[0, 2, 6, 6, 7, 5] ,
[0, 6, 2, 0, 0, 2] ,
[0, 6, 2, 0, 0, 6] ,
[0, 6, 2, 0, 4, 2] ,
[0, 6, 2, 0, 4, 6] ,
[0, 6, 2, 2, 3, 1] ,
[0, 6, 2, 2, 3, 5] ,
[0, 6, 2, 2, 7, 1] ,
[0, 6, 2, 2, 7, 5] ,
[0, 6, 2, 4, 0, 2] ,
[0, 6, 2, 4, 0, 6] ,
[0, 6, 2, 4, 4, 2] ,
[0, 6, 2, 4, 4, 6] ,
[0, 6, 2, 6, 3, 1] ,
[0, 6, 2, 6, 3, 5] ,
[0, 6, 2, 6, 7, 1] ,
[0, 6, 2, 6, 7, 5] ,
[0, 6, 6, 0, 0, 2] ,
[0, 6, 6, 0, 0, 6] ,
[0, 6, 6, 0, 4, 2] ,
[0, 6, 6, 0, 4, 6] ,
[0, 6, 6, 2, 3, 1] ,
[0, 6, 6, 2, 3, 5] ,
[0, 6, 6, 2, 7, 1] ,
[0, 6, 6, 2, 7, 5] ,
[0, 6, 6, 4, 0, 2] ,
[0, 6, 6, 4, 0, 6] ,
[0, 6, 6, 4, 4, 2] ,
[0, 6, 6, 4, 4, 6] ,
[0, 6, 6, 6, 3, 1] ,
[0, 6, 6, 6, 3, 5] ,
[0, 6, 6, 6, 7, 1] ,
[0, 6, 6, 6, 7, 5] ,
[2, 1, 3, 1, 2, 0] ,
[2, 1, 3, 1, 2, 4] ,
[2, 1, 3, 1, 6, 0] ,
[2, 1, 3, 1, 6, 4] ,
[2, 1, 3, 3, 1, 3] ,
[2, 1, 3, 3, 1, 7] ,
[2, 1, 3, 3, 5, 3] ,
[2, 1, 3, 3, 5, 7] ,
[2, 1, 3, 5, 2, 0] ,
[2, 1, 3, 5, 2, 4] ,
[2, 1, 3, 5, 6, 0] ,
[2, 1, 3, 5, 6, 4] ,
[2, 1, 3, 7, 1, 3] ,
[2, 1, 3, 7, 1, 7] ,
[2, 1, 3, 7, 5, 3] ,
[2, 1, 3, 7, 5, 7] ,
[2, 1, 7, 1, 2, 0] ,
[2, 1, 7, 1, 2, 4] ,
[2, 1, 7, 1, 6, 0] ,
[2, 1, 7, 1, 6, 4] ,
[2, 1, 7, 3, 1, 3] ,
[2, 1, 7, 3, 1, 7] ,
[2, 1, 7, 3, 5, 3] ,
[2, 1, 7, 3, 5, 7] ,
[2, 1, 7, 5, 2, 0] ,
[2, 1, 7, 5, 2, 4] ,
[2, 1, 7, 5, 6, 0] ,
[2, 1, 7, 5, 6, 4] ,
[2, 1, 7, 7, 1, 3] ,
[2, 1, 7, 7, 1, 7] ,
[2, 1, 7, 7, 5, 3] ,
[2, 1, 7, 7, 5, 7] ,
[2, 5, 3, 1, 2, 0] ,
[2, 5, 3, 1, 2, 4] ,
[2, 5, 3, 1, 6, 0] ,
[2, 5, 3, 1, 6, 4] ,
[2, 5, 3, 3, 1, 3] ,
[2, 5, 3, 3, 1, 7] ,
[2, 5, 3, 3, 5, 3] ,
[2, 5, 3, 3, 5, 7] ,
[2, 5, 3, 5, 2, 0] ,
[2, 5, 3, 5, 2, 4] ,
[2, 5, 3, 5, 6, 0] ,
[2, 5, 3, 5, 6, 4] ,
[2, 5, 3, 7, 1, 3] ,
[2, 5, 3, 7, 1, 7] ,
[2, 5, 3, 7, 5, 3] ,
[2, 5, 3, 7, 5, 7] ,
[2, 5, 7, 1, 2, 0] ,
[2, 5, 7, 1, 2, 4] ,
[2, 5, 7, 1, 6, 0] ,
[2, 5, 7, 1, 6, 4] ,
[2, 5, 7, 3, 1, 3] ,
[2, 5, 7, 3, 1, 7] ,
[2, 5, 7, 3, 5, 3] ,
[2, 5, 7, 3, 5, 7] ,
[2, 5, 7, 5, 2, 0] ,
[2, 5, 7, 5, 2, 4] ,
[2, 5, 7, 5, 6, 0] ,
[2, 5, 7, 5, 6, 4] ,
[2, 5, 7, 7, 1, 3] ,
[2, 5, 7, 7, 1, 7] ,
[2, 5, 7, 7, 5, 3] ,
[2, 5, 7, 7, 5, 7] ,
[4, 2, 2, 0, 0, 2] ,
[4, 2, 2, 0, 0, 6] ,
[4, 2, 2, 0, 4, 2] ,
[4, 2, 2, 0, 4, 6] ,
[4, 2, 2, 2, 3, 1] ,
[4, 2, 2, 2, 3, 5] ,
[4, 2, 2, 2, 7, 1] ,
[4, 2, 2, 2, 7, 5] ,
[4, 2, 2, 4, 0, 2] ,
[4, 2, 2, 4, 0, 6] ,
[4, 2, 2, 4, 4, 2] ,
[4, 2, 2, 4, 4, 6] ,
[4, 2, 2, 6, 3, 1] ,
[4, 2, 2, 6, 3, 5] ,
[4, 2, 2, 6, 7, 1] ,
[4, 2, 2, 6, 7, 5] ,
[4, 2, 6, 0, 0, 2] ,
[4, 2, 6, 0, 0, 6] ,
[4, 2, 6, 0, 4, 2] ,
[4, 2, 6, 0, 4, 6] ,
[4, 2, 6, 2, 3, 1] ,
[4, 2, 6, 2, 3, 5] ,
[4, 2, 6, 2, 7, 1] ,
[4, 2, 6, 2, 7, 5] ,
[4, 2, 6, 4, 0, 2] ,
[4, 2, 6, 4, 0, 6] ,
[4, 2, 6, 4, 4, 2] ,
[4, 2, 6, 4, 4, 6] ,
[4, 2, 6, 6, 3, 1] ,
[4, 2, 6, 6, 3, 5] ,
[4, 2, 6, 6, 7, 1] ,
[4, 2, 6, 6, 7, 5] ,
[4, 6, 2, 0, 0, 2] ,
[4, 6, 2, 0, 0, 6] ,
[4, 6, 2, 0, 4, 2] ,
[4, 6, 2, 0, 4, 6] ,
[4, 6, 2, 2, 3, 1] ,
[4, 6, 2, 2, 3, 5] ,
[4, 6, 2, 2, 7, 1] ,
[4, 6, 2, 2, 7, 5] ,
[4, 6, 2, 4, 0, 2] ,
[4, 6, 2, 4, 0, 6] ,
[4, 6, 2, 4, 4, 2] ,
[4, 6, 2, 4, 4, 6] ,
[4, 6, 2, 6, 3, 1] ,
[4, 6, 2, 6, 3, 5] ,
[4, 6, 2, 6, 7, 1] ,
[4, 6, 2, 6, 7, 5] ,
[4, 6, 6, 0, 0, 2] ,
[4, 6, 6, 0, 0, 6] ,
[4, 6, 6, 0, 4, 2] ,
[4, 6, 6, 0, 4, 6] ,
[4, 6, 6, 2, 3, 1] ,
[4, 6, 6, 2, 3, 5] ,
[4, 6, 6, 2, 7, 1] ,
[4, 6, 6, 2, 7, 5] ,
[4, 6, 6, 4, 0, 2] ,
[4, 6, 6, 4, 0, 6] ,
[4, 6, 6, 4, 4, 2] ,
[4, 6, 6, 4, 4, 6] ,
[4, 6, 6, 6, 3, 1] ,
[4, 6, 6, 6, 3, 5] ,
[4, 6, 6, 6, 7, 1] ,
[4, 6, 6, 6, 7, 5] ,
[6, 1, 3, 1, 2, 0] ,
[6, 1, 3, 1, 2, 4] ,
[6, 1, 3, 1, 6, 0] ,
[6, 1, 3, 1, 6, 4] ,
[6, 1, 3, 3, 1, 3] ,
[6, 1, 3, 3, 1, 7] ,
[6, 1, 3, 3, 5, 3] ,
[6, 1, 3, 3, 5, 7] ,
[6, 1, 3, 5, 2, 0] ,
[6, 1, 3, 5, 2, 4] ,
[6, 1, 3, 5, 6, 0] ,
[6, 1, 3, 5, 6, 4] ,
[6, 1, 3, 7, 1, 3] ,
[6, 1, 3, 7, 1, 7] ,
[6, 1, 3, 7, 5, 3] ,
[6, 1, 3, 7, 5, 7] ,
[6, 1, 7, 1, 2, 0] ,
[6, 1, 7, 1, 2, 4] ,
[6, 1, 7, 1, 6, 0] ,
[6, 1, 7, 1, 6, 4] ,
[6, 1, 7, 3, 1, 3] ,
[6, 1, 7, 3, 1, 7] ,
[6, 1, 7, 3, 5, 3] ,
[6, 1, 7, 3, 5, 7] ,
[6, 1, 7, 5, 2, 0] ,
[6, 1, 7, 5, 2, 4] ,
[6, 1, 7, 5, 6, 0] ,
[6, 1, 7, 5, 6, 4] ,
[6, 1, 7, 7, 1, 3] ,
[6, 1, 7, 7, 1, 7] ,
[6, 1, 7, 7, 5, 3] ,
[6, 1, 7, 7, 5, 7] ,
[6, 5, 3, 1, 2, 0] ,
[6, 5, 3, 1, 2, 4] ,
[6, 5, 3, 1, 6, 0] ,
[6, 5, 3, 1, 6, 4] ,
[6, 5, 3, 3, 1, 3] ,
[6, 5, 3, 3, 1, 7] ,
[6, 5, 3, 3, 5, 3] ,
[6, 5, 3, 3, 5, 7] ,
[6, 5, 3, 5, 2, 0] ,
[6, 5, 3, 5, 2, 4] ,
[6, 5, 3, 5, 6, 0] ,
[6, 5, 3, 5, 6, 4] ,
[6, 5, 3, 7, 1, 3] ,
[6, 5, 3, 7, 1, 7] ,
[6, 5, 3, 7, 5, 3] ,
[6, 5, 3, 7, 5, 7] ,
[6, 5, 7, 1, 2, 0] ,
[6, 5, 7, 1, 2, 4] ,
[6, 5, 7, 1, 6, 0] ,
[6, 5, 7, 1, 6, 4] ,
[6, 5, 7, 3, 1, 3] ,
[6, 5, 7, 3, 1, 7] ,
[6, 5, 7, 3, 5, 3] ,
[6, 5, 7, 3, 5, 7] ,
[6, 5, 7, 5, 2, 0] ,
[6, 5, 7, 5, 2, 4] ,
[6, 5, 7, 5, 6, 0] ,
[6, 5, 7, 5, 6, 4] ,
[6, 5, 7, 7, 1, 3] ,
[6, 5, 7, 7, 1, 7] ,
[6, 5, 7, 7, 5, 3] ,
[6, 5, 7, 7, 5, 7] ,
]
