test_0s_20_70_147_symbols.txt
       |       |       |       |
2 3 3 6 7 7 0 1 3 0 1 4 4 2 0 7 2 6 1 4 5 3 1 5 7 0 3 6 4 0 7 3 0 4 1 4 4 2 7 4 6 2 0 2 0 7 6 6 1 6 4 1 5 2 3 4 4 7 5 1 1 2 5 5 7 5 2 2 6 6 3 1 2 4
2 3 3 6 7 7 0 1 3 2 2 3 4 4 7 6 4 6 1 4 5 3 1 5 7 0 3 6 4 0 7 3 0 4 1 4 4 2 7 4 6 2 0 2 0 7 6 6 1 6 4 1 5 2 3 4 4 7 5 1 1 2 5 5 3 1 2 6 6 6 7 5 2 4
test_0s_20_70_147_symbols_2_missing_lots.txt
2 3 3 6 7 7 0 5 3 6 2 3 4 4 7 6 4 6 1 4 5 3 1 5 7 0 3 6 4 0 7 3 0 4 1 4 4 2 7 4 6 2 0 2 0 7 6 6 1 6 4 1 5 2 3 4 4 7 5 1 1 2 5 5 5 6 7 7 6 3 2 4 0 0

2 3 3 6 7 7 0 1 1 5 1 3 2 3 6 0 4 6 1 4 5 3 1 5 7 0 3 6 4 0 7 3 0 4 1 4 4 2 7 4 6 2 0 2 0 7 6 6 1 6 4 1 5 2 3 4 4 7 5 1 1 2 5 5 7 1 4 3 4 4 7 2 0 
2 3 3 6 7 7 0 1 7 0 3 1 2 4 0 0 4 6 1 4 5 3 1 5 7 0 3 6 4 0 7 3 0 4 1 4 4 2 7 4 6 2 0 2 0 7 6 6 1 6 4 1 5 2 3 4 4 7 5 1 1 2 5 5 3 3 1 5 2 0 0 4 0 


