0s
4 4 4 0 4 0 4 0 2 4 6 0 0 0 0 0 6 4 2 0 0 0 4 4 2 7 7 4 6 7 5 6 2 5 0 3 0 2 7 4 1 2 3 2 3 3 6 7 2 6 1 4 5 3 1 5 7 0 3 6 4 0 7 3 0 4 1 4 4 2 7 4 6 2 0 2 0 7 6 6 1 6 4 1 5 2 3 4 4 7 5 1  1 2 5 5  1 2 7 3 2 3 6 0 0 0 4
4 4 4 0 4 0 4 0 2 4 6 0 0 0 0 0 6 4 2 0 0 0 4 4 2 7 7 4 6 7 5 6 2 5 0 3 0 2 7 4 1 2 3 2 3 3 6 7 2 6 1 4 5 3 1 5 7 0 3 6 4 0 7 3 0 4 1 4 4 2 7 4 6 2 0 2 0 7 6 6 1 6 4 1 5 2 3 4 4 7 5 1  1 2 5 5  1 2 7 3 2 3 6 0 0 0 3
0s1                                                                                                                                                                                               ? ? ?   * * * * * *
4 4 4 0 4 0 4 0 2 4 6 0 0 0 0 0 6 4 2 0 0 0 4 4 2 7 7 4 6 7 5 6 2 5 0 3 0 2 7 4 1 2 3 2 3 3 6 7 2 6 1 4 5 3 1 5 7 0 3 6 4 0 7 3 0 4 1 4 4 2 7 4 6 2 0 2 0 7 6 6 1 6 4 1 5 2 3 4 4 7 5 1  3 3 7 7  3 2 6 3 4 0 7 2 4 4 4
0s8																																																																...    * *   *
4 4 4 0 4 0 4 0 2 4 6 0 0 0 0 0 6 4 2 0 0 0 4 4 2 7 7 4 6 7 5 6 2 5 0 3 0 2 7 4 1 2 3 2 3 3 6 7 2 6 1 4 5 3 1 5 7 0 3 6 4 0 7 3 0 4 1 4 4 2 7 4 6 2 0 2 0 7 6 6 1 6 4 1 5 2 3 4 4 7 5 1  1 6 5 5  3 1 4 3 0 4 7 6 4 4 4
4 4 4 0 4 0 4 0 2 4 6 0 0 0 0 0 6 4 2 0 0 0 4 4 2 7 7 4 6 7 5 6 2 5 0 3 0 2 7 4 1 2 3 2 3 3 6 7 2 6 1 4 5 3 1 5 7 0 3 6 4 0 7 3 0 4 1 4 4 2 7 4 6 2 0 2 0 7 6 6 1 6 4 1 5 2 3 4 4 7 5 1  1 6 5 5  3 1 4 3 0 4 7 6 4 4 3




0s1
4 4 4 0 4 0 4 0 2 4 6 0 0 0 0 0 6 4 2 0 0 0 4 4 2 7 7 4 6 7 5 6 4 4 4 6 1 4 5 1 4 3 1 2 3 3 6 7 2 6 1 4 5 3 1 5 7 0 3 6 4 0 7 3 0 4 1 4 4 2 7 4 6 2 0 2 0 7 6 6 1 6 4 1 5 2 3 4 4 7 5 1  3 3 7 7  7 2 2 3 0 0 7 2 0 0 4
4 4 4 0 4 0 4 0 2 4 6 0 0 0 0 0 6 4 2 0 0 0 4 4 2 7 7 4 6 7 5 6 4 4 4 6 1 4 5 1 4 3 1 2 3 3 6 7 2 6 1 4 5 3 1 5 7 0 3 6 4 0 7 3 0 4 1 4 4 2 7 4 6 2 0 2 0 7 6 6 1 6 4 1 5 2 3 4 4 7 5 1  3 3 7 7  7 2 2 3 0 0 7 2 0 0 3
0s8                                                                                                                                                                                               ? ? ?   * *   *  
4 4 4 0 4 0 4 0 2 4 6 0 0 0 0 0 6 4 2 0 0 0 4 4 2 7 7 4 6 7 5 6 4 4 4 6 1 4 5 1 4 3 1 2 3 3 6 7 2 6 1 4 5 3 1 5 7 0 3 6 4 0 7 3 0 4 1 4 4 2 7 4 6 2 0 2 0 7 6 6 1 6 4 1 5 2 3 4 4 7 5 1  1 6 5 5  7 1 0 3 4 4 7 6 0 0 4
4 4 4 0 4 0 4 0 2 4 6 0 0 0 0 0 6 4 2 0 0 0 4 4 2 7 7 4 6 7 5 6 4 4 4 6 1 4 5 1 4 3 1 2 3 3 6 7 2 6 1 4 5 3 1 5 7 0 3 6 4 0 7 3 0 4 1 4 4 2 7 4 6 2 0 2 0 7 6 6 1 6 4 1 5 2 3 4 4 7 5 1  1 6 5 5  7 1 0 3 4 4 7 6 0 0 5


0s1
4 4 4 0 4 0 4 0 2 4 6 0 0 0 0 0 6 4 2 0 0 0 4 4 2 7 7 4 6 7 5 6 2 7 3 0 2 1 6 3 3 1 1 2 3 3 6 7 2 6 1 4 5 3 1 5 7 0 3 6 4 0 7 3 0 4 1 4 4 2 7 4 6 2 0 2 0 7 6 6 1 6 4 1 5 2 3 4 4 7 5 1  3 3 7 7  5 5 1 7 2 3 2 4 4 4 3
4 4 4 0 4 0 4 0 2 4 6 0 0 0 0 0 6 4 2 0 0 0 4 4 2 7 7 4 6 7 5 6 2 7 3 0 2 1 6 3 3 1 1 2 3 3 6 7 2 6 1 4 5 3 1 5 7 0 3 6 4 0 7 3 0 4 1 4 4 2 7 4 6 2 0 2 0 7 6 6 1 6 4 1 5 2 3 4 4 7 5 1  3 3 7 7  5 5 1 7 2 3 2 4 4 4 4
4
0s2
4 4 4 0 4 0 4 0 2 4 6 0 0 0 0 0 6 4 2 0 0 0 4 4 2 7 7 4 6 7 5 6 2 7 3 0 2 1 6 3 3 1 1 2 3 3 6 7 2 6 1 4 5 3 1 5 7 0 3 6 4 0 7 3 0 4 1 4 4 2 7 4 6 2 0 2 0 7 6 6 1 6 4 1 5 2 3 4 4 7 5 1  5 2 5 5  5 6 3 7 6 7 6 0 4 4 4
4 4 4 0 4 0 4 0 2 4 6 0 0 0 0 0 6 4 2 0 0 0 4 4 2 7 7 4 6 7 5 6 2 7 3 0 2 1 6 3 3 1 1 2 3 3 6 7 2 6 1 4 5 3 1 5 7 0 3 6 4 0 7 3 0 4 1 4 4 2 7 4 6 2 0 2 0 7 6 6 1 6 4 1 5 2 3 4 4 7 5 1  5 2 5 5  5 6 3 7 6 7 6 0 4 4 3
4


0s2
4 4 4 0 4 0 4 0 2 4 6 0 0 0 0 0 6 4 2 0 0 0 4 4 2 7 7 4 6 7 5 6 0 0 4 0 4 2 7 1 3 1 1 2 3 3 6 7 2 6 1 4 5 3 1 5 7 0 3 6 4 0 7 3 0 4 1 4 4 2 7 4 6 2 0 2 0 7 6 6 1 6 4 1 5 2 3 4 4 7 5 1  5 2 5 5  1 4 6 5 0 3 1 2 4 4 4
4 4 4 0 4 0 4 0 2 4 6 0 0 0 0 0 6 4 2 0 0 0 4 4 2 7 7 4 6 7 5 6 0 0 4 0 4 2 7 1 3 1 1 2 3 3 6 7 2 6 1 4 5 3 1 5 7 0 3 6 4 0 7 3 0 4 1 4 4 2 7 4 6 2 0 2 0 7 6 6 1 6 4 1 5 2 3 4 4 7 5 1  5 2 5 5  1 4 6 5 0 3 1 2 4 4 3
0s8                                                                                                                                                                                      * *          *       *
4 4 4 0 4 0 4 0 2 4 6 0 0 0 0 0 6 4 2 0 0 0 4 4 2 7 7 4 6 7 5 6 0 0 4 0 4 2 7 1 3 1 1 2 3 3 6 7 2 6 1 4 5 3 1 5 7 0 3 6 4 0 7 3 0 4 1 4 4 2 7 4 6 2 0 2 0 7 6 6 1 6 4 1 5 2 3 4 4 7 5 1  1 6 5 5  1 4 2 5 0 3 5 2 4 4 4
4 4 4 0 4 0 4 0 2 4 6 0 0 0 0 0 6 4 2 0 0 0 4 4 2 7 7 4 6 7 5 6 0 0 4 0 4 2 7 1 3 1 1 2 3 3 6 7 2 6 1 4 5 3 1 5 7 0 3 6 4 0 7 3 0 4 1 4 4 2 7 4 6 2 0 2 0 7 6 6 1 6 4 1 5 2 3 4 4 7 5 1  1 6 5 5  1 4 2 5 0 3 5 2 4 4 3


0s                                                              *
4 4 4 0 4 0 4 0 2 4 6 0 0 0 0 0 6 4 2 0 0 0 4 4 2 7 7 4 6 7 5 6 4 0 4 0 4 2 7 1 3 1 1 2 3 3 6 7 2 6 1 4 5 3 1 5 7 0 3 6 4 0 7 3 0 4 1 4 4 2 7 4 6 2 0 2 0 7 6 6 1 6 4 1 5 2 3 4 4 7 5 1  1 2 5 5  7 1 2 2 2 6 7 1 2 4 6
4 4 4 0 4 0 4 0 2 4 6 0 0 0 0 0 6 4 2 0 0 0 4 4 2 7 7 4 6 7 5 6 4 0 4 0 4 2 7 1 3 1 1 2 3 3 6 7 2 6 1 4 5 3 1 5 7 0 3 6 4 0 7 3 0 4 1 4 4 2 7 4 6 2 0 2 0 7 6 6 1 6 4 1 5 2 3 4 4 7 5 1  1 2 5 5  7 1 2 2 2 6 7 1 2 4 5
0s2
4 4 4 0 4 0 4 0 2 4 6 0 0 0 0 0 6 4 2 0 0 0 4 4 2 7 7 4 6 7 5 6 4 0 4 0 4 2 7 1 3 1 1 2 3 3 6 7 2 6 1 4 5 3 1 5 7 0 3 6 4 0 7 3 0 4 1 4 4 2 7 4 6 2 0 2 0 7 6 6 1 6 4 1 5 2 3 4 4 7 5 1  5 2 5 5  5 2 1 2 0 5 2 3 6 0 4
4 4 4 0 4 0 4 0 2 4 6 0 0 0 0 0 6 4 2 0 0 0 4 4 2 7 7 4 6 7 5 6 4 0 4 0 4 2 7 1 3 1 1 2 3 3 6 7 2 6 1 4 5 3 1 5 7 0 3 6 4 0 7 3 0 4 1 4 4 2 7 4 6 2 0 2 0 7 6 6 1 6 4 1 5 2 3 4 4 7 5 1  5 2 5 5  5 2 1 2 0 5 2 3 6 0 3
0s8                                                                                                                                                                                      * *          *       *
4 4 4 0 4 0 4 0 2 4 6 0 0 0 0 0 6 4 2 0 0 0 4 4 2 7 7 4 6 7 5 6 4 0 4 0 4 2 7 1 3 1 1 2 3 3 6 7 2 6 1 4 5 3 1 5 7 0 3 6 4 0 7 3 0 4 1 4 4 2 7 4 6 2 0 2 0 7 6 6 1 6 4 1 5 2 3 4 4 7 5 1  1 6 5 5  5 2 5 2 0 5 6 3 6 0 4
4 4 4 0 4 0 4 0 2 4 6 0 0 0 0 0 6 4 2 0 0 0 4 4 2 7 7 4 6 7 5 6 4 0 4 0 4 2 7 1 3 1 1 2 3 3 6 7 2 6 1 4 5 3 1 5 7 0 3 6 4 0 7 3 0 4 1 4 4 2 7 4 6 2 0 2 0 7 6 6 1 6 4 1 5 2 3 4 4 7 5 1  1 6 5 5  5 2 5 2 0 5 6 3 6 0 3


